6.3032258064516125 0.7142857142857153
7.658064516129032 0.19480519480519565
7.793548387096775 -1.0064935064935057
7.174193548387096 -2.6948051948051948
6.206451612903226 -3.474025974025974
3.3806451612903228 -3.425324675324675
2.683870967741936 -2.6785714285714284
2.780645161290323 -1.2012987012987013
4.174193548387096 -0.40584415584415545
5.083870967741936 1.0227272727272734
5.219354838709679 2.353896103896105
4.251612903225807 3.2142857142857153
3.47741935483871 2.8571428571428577
5.258064516129032 0.6655844155844166
6.458064516129033 -1.25
6.670967741935485 -2.1428571428571423
5.025806451612903 -2.662337662337662
4.445161290322581 -1.574675324675324
3.2451612903225806 -0.03246753246753187
3.670967741935484 0.8279220779220786
5.780645161290323 1.3149350649350655
6.961290322580645 1.5909090909090917
5.258064516129032 0.616883116883117
4.174193548387096 -1.0714285714285712
3.0903225806451617 -1.7045454545454541
